<?xml version="1.0"?>
<opencv_storage>
<stereoMapL_x type_id="opencv-matrix">
  <rows>3</rows>
  <cols>1</cols>
  <dt>d</dt>
  <data>
    6.0549151611328125e+02 0. 3.0740398031281075e+02</data></stereoMapL_x>
<stereoMapL_y type_id="opencv-matrix">
  <rows>3</rows>
  <cols>1</cols>
  <dt>d</dt>
  <data>
    0. 5.9821350097656250e+02 2.4474085400606782e+02</data></stereoMapL_y>
<stereoMapR_x type_id="opencv-matrix">
  <rows>3</rows>
  <cols>1</cols>
  <dt>d</dt>
  <data>
    5.8659490966796875e+02 0. 2.9285072260136440e+02</data></stereoMapR_x>
<stereoMapR_y type_id="opencv-matrix">
  <rows>3</rows>
  <cols>1</cols>
  <dt>d</dt>
  <data>
    0. 5.7954553222656250e+02 2.6256570420476055e+02</data></stereoMapR_y>
</opencv_storage>
